,value_1,value_2,result
0,1,2,2
1,2,3,6
2,3,4,12
3,4,5,20
4,5,6,30
5,6,7,42
6,7,8,56
7,8,9,72
8,9,10,90
9,10,11,110
10,11,12,132
11,12,13,156
12,13,14,182
13,14,15,210
14,15,16,240
15,16,17,272
16,17,18,306
17,18,19,342
18,19,20,380
19,20,21,420
